0 458 1767 348 804 1231 1757 576 1905 157 964 1001 1504 838 1921 1144
1 1094 514 1013 303 1081 667 1504 458 1767 1001 1103 804 1534 1757 493
2 1816 22 308 336 660 542 606 614 1957 1928 1166 1685 1222 1711 1666
3 244 1519 99 1064 1601 1913 1140 117 976 662 1795 1553 1680 1854 1872
4 704 354 432 1552 616 1042 14 782 164 955 1657 1353 1265 470 190
5 456 524 1246 1455 733 219 1345 1292 1328 1893 573 316 962 1674 1236
6 1724 1090 878 786 1008 70 1986 1508 450 1558 194 867 686 744 798
7 1497 1021 776 1456 1884 801 1034 1264 1145 901 1188 914 31 49 764
8 877 1038 1860 109 923 1222 1747 1276 927 1562 1178 1765 1293 1729 308
9 908 1193 406 819 1194 1859 1521 895 57 885 1105 245 1529 1989 1405
10 898 1183 448 1530 442 1933 1592 648 38 1353 1582 1554 657 168 1371
11 1008 1604 1131 1090 786 1724 878 681 70 1053 1702 825 1961 1312 1586
12 762 488 1822 1449 831 126 766 381 190 1657 289 891 1526 672 356
13 262 327 1606 1905 905 364 288 576 1806 285 1309 279 118 1260 870
14 1522 115 61 947 1185 1855 317 1444 1923 1798 1715 1692 1563 1897 1395
15 908 895 1194 1193 1374 1529 57 245 1521 1095 1105 858 1311 1205 1068
16 1547 802 1517 1688 282 761 639 1188 98 557 48 1009 1050 451 1474
17 1880 1796 585 451 1451 1660 31 1912 412 1820 1103 712 1206 701 1610
18 1340 1901 86 1782 186 1424 1584 626 719 1410 103 1926 505 1751 1652
19 1454 545 1387 1566 584 353 79 523 849 161 1627 520 1576 245 229
20 943 1546 1636 899 1526 929 891 126 1613 131 766 531 1449 39 488
21 1886 1119 1976 447 1132 436 667 1380 1542 320 1673 303 514 992 1094
22 1688 1425 994 451 48 1517 282 98 12 761 1280 301 1009 1206 1547
23 1321 1715 947 1522 317 115 1855 1395 376 1444 1271 533 937 270 1070
24 529 168 1373 275 1086 407 1205 1337 1044 1949 1966 1022 1998 1306 913
25 1223 1826 1596 373 1257 309 1567 313 1196 1789 887 960 84 1705 93
26 1300 563 1711 352 1928 1061 1207 368 1128 1281 1666 1617 1222 966 882
27 814 1039 1498 1323 320 210 396 1150 113 1363 412 1103 253 1752 1976
28 1081 566 29 151 583 1243 212 157 788 1168 1013 1682 1569 1871 915
29 1124 1477 637 1626 1959 821 732 504 1304 415 725 1288 184 160 296
30 1223 84 1826 1257 1567 373 313 309 256 1196 1789 1596 93 594 640
31 1669 1427 65 1073 180 995 1809 1349 301 1572 367 1100 913 1484 920
32 228 1732 802 1660 1425 451 1675 1036 1688 942 1783 412 1150 519 585
33 1541 744 47 867 362 658 1298 1983 294 169 1438 179 823 969 291
34 813 1240 1032 1887 489 599 183 723 19 1625 1973 1894 1595 150 694
35 1962 441 10 341 1992 1621 1974 1564 1985 1532 982 319 781 1980 1195
36 493 1498 320 1013 1103 1534 1676 1094 667 514 586 1363 1673 1820 983
37 734 838 1001 1414 722 312 1921 1504 586 804 1757 1552 754 484 983
38 328 413 1607 359 1848 968 1622 1283 205 1834 765 1772 242 184 1218
39 1461 889 516 267 1827 450 574 755 1744 1269 911 711 971 1285 108
40 230 1485 1279 806 1283 1881 323 462 446 1818 716 1082 1879 1772 1220
41 682 1181 688 1214 234 1487 397 1272 1429 827 998 398 263 5 1343
42 1410 1584 626 1424 86 1782 1340 186 719 1926 1901 1652 103 1324 1925
43 758 32 129 301 741 1965 65 46 595 382 1423 610 367 1847 1291
44 1936 1645 120 1843 1346 589 295 536 904 1448 413 403 1376 242 404
45 21 1280 346 1809 1022 1100 1530 920 1034 1534 1456 365 247 801 476
46 1309 364 794 118 1606 1015 1238 288 1530 974 285 1516 262 1993 327
47 876 612 1984 1890 1527 1713 1917 159 1295 1263 383 1507 698 854 1
48 935 703 1293 1221 1329 1562 27 1267 1551 759 628 656 1831 1918 1019
49 831 762 488 1568 649 954 13 1738 1235 672 1611 298 1413 1690 131
50 1820 1534 31 1363 1552 1752 346 354 586 1944 1103 983 14 901 838
51 1023 1337 1949 1194 275 1205 1305 1373 908 57 1311 168 1193 1044 1105
52 1148 56 1883 879 1557 1475 1620 1422 1818 1896 1881 944 499 143 1650
53 506 167 617 1089 539 1272 1420 3 682 1659 998 541 881 427 1780
54 1316 1359 1472 1490 815 1027 104 400 1605 125 1241 779 1977 1054 605
55 242 904 765 1218 872 413 328 646 197 123 1448 1793 1192 1647 1973
56 1120 809 427 360 1830 224 893 1360 1762 1693 680 1171 258 1721 287
57 1767 888 1238 576 1144 1905 1701 118 288 794 905 364 1606 1137 458
58 312 1414 1921 722 964 1757 734 1814 838 804 484 983 1504 1001 586
59 1702 267 1461 686 1744 778 450 755 1367 1190 1242 1269 711 108 1285
60 334 912 724 1628 710 1681 549 314 1951 1286 1749 560 568 1199 654
61 1571 153 305 102 1555 917 1344 1551 851 1267 730 1221 1505 565 155
62 253 1606 262 1015 210 734 288 1905 312 1309 643 1495 1122 1757 364
63 35 497 1263 670 464 1642 1604 837 1710 1445 426 1409 1041 1274 1104
64 360 865 1721 680 258 949 1354 322 1120 423 1229 1411 1171 1693 427
65 825 620 1053 697 681 853 1312 209 1961 1702 250 1315 70 1131 1986
66 532 925 1739 1180 575 1394 274 1558 1141 1436 1561 969 148 952 1202
67 1128 1928 1617 1666 1281 1874 1061 966 1300 1711 563 351 370 352 1207
68 166 1877 996 1019 1224 1758 1687 1002 1189 631 538 1403 26 869 188
69 1256 176 256 692 1618 189 721 1270 866 331 68 1467 93 603 1478
70 933 1003 1898 1121 953 1262 146 751 83 896 42 717 158 843 1385
71 1387 545 584 1454 353 520 1566 849 523 229 161 1627 79 1529 547
72 1246 962 456 1328 1674 481 524 1345 1893 789 316 573 1261 1612 219
73 91 1945 1869 311 1785 1621 623 893 1564 982 1421 511 453 1992 1578
74 29 788 566 583 1168 1569 1243 608 157 1081 212 1944 1682 58 1231
75 1634 1788 273 1189 1687 938 1831 1525 1663 1002 706 1403 76 538 1957
76 1527 112 743 854 1263 426 1409 864 1458 1819 1642 1604 698 383 574
77 1423 595 1280 98 610 1484 301 643 18 1056 396 509 21 1495 1122
78 75 871 1978 653 633 647 618 144 152 553 1460 1209 1755 138 1087
79 1170 1214 1181 477 1903 827 263 1429 1065 1487 682 1408 144 1551 1221
80 799 226 513 390 485 1777 172 919 1811 85 248 1728 1591 1098 967
81 1904 714 1916 318 171 280 54 552 418 1396 335 1671 482 1368 1402
82 369 787 1940 998 774 1748 1523 652 472 671 1765 215 769 97 1556
83 1867 573 316 1432 524 219 456 481 799 962 1292 1345 272 1108 1893
84 1928 1222 1061 882 966 1139 351 563 1300 22 1816 308 606 1166 614
85 138 1087 276 422 1333 1978 266 800 5 1378 729 3 449 1160 397
86 1894 698 1570 1032 1819 1887 216 641 739 386 1583 818 1817 638 1083
87 31 1103 1820 1752 1534 346 1150 412 1280 1363 1981 1676 1451 836 1423
88 876 612 1984 1713 1295 1917 1890 1527 159 383 1773 698 625 1072 1083
89 222 648 928 1844 1034 1137 100 1400 1350 1489 1040 229 834 1182 1579
90 876 612 1984 1890 1527 1713 1917 1295 159 383 1263 698 1507 854 1
91 665 425 1406 1964 414 786 1870 867 1558 1438 744 1541 1733 1778 179
92 175 1431 1807 417 1553 1795 1650 1557 1883 287 879 1881 1818 970 883
93 449 1978 138 800 653 422 553 397 1014 1160 1093 1091 556 1390 276
94 853 697 1053 825 250 1389 1659 1313 209 1014 582 946 620 932 681
95 801 642 1456 290 87 1598 486 1967 259 394 931 109 1947 1034 708
96 1911 1577 496 832 503 36 534 1709 462 1793 963 904 428 1682 303
97 1096 435 260 1856 434 519 199 23 122 1675 1512 1761 1633 474 942
98 1703 1924 391 241 981 249 850 490 955 339 1994 855 1211 63 1764
99 1260 1336 1046 1927 905 220 4 1446 1823 349 1824 1155 1076 440 1937
